       0.875      52.625          17     15.0122
      -1.375     51.4583          16      45.348
    -1.95833      50.875          15     25.7713
     118.958      42.875          14        1e31
     110.375     38.7917          13       121.5
     113.708     37.7083          12     115.499
     110.292     37.2083          11      222.15
    -116.458     36.9583          10        1e31
    -116.708     36.7917           9        1e31
     109.542     35.7917           8      104.42
     107.625     35.4583           7     151.601
     107.792     35.2083           6     194.821
     32.9583      34.625           5        1e31
    -117.292     34.4583           4     76.7669
    -16.2917     15.7083           3     34.2209
     23.2083    -27.2083           2        48.9
     140.542    -37.7083           1     24.6716
